Number_of_sites = 1
lat31.25lon-84.25 0x1a848a0 lat=  31.25 lon= -84.25 soi= 1 l_top=   1.0000 Rn_top=   1.0000 depth= 1000.000 ksat= 444657.5938 theta_max=  0.421 conduct=  0.000 exogenous dist params lambda1= 0.01 lambda2= 0.00 
avgp= 1322.539299 maxp= 1871.847290 minp= 727.428040 avgst= 18.499144 maxst= 30.955194 minst= 5.337091 
